var board6 = [
        1,1,1,1,1,1,1,1,1,1,1,1,1,1,1,1,1,
        1,0,0,0,0,0,0,0,0,0,0,0,0,0,0,0,1,
        1,0,0,0,0,0,0,0,0,0,0,0,0,0,0,0,1,
        1,0,0,0,0,0,0,0,0,0,0,0,4,0,0,0,1,
        1,0,0,0,0,0,0,0,0,0,0,0,1,1,1,1,1,
        1,0,0,0,0,0,0,0,0,0,0,1,1,1,1,1,1,
        1,0,0,0,0,0,0,0,0,0,1,1,1,1,1,1,1,
        1,0,0,0,0,0,0,0,0,1,1,1,1,1,1,1,1,
        1,0,0,0,0,5,0,0,0,0,0,0,1,1,1,1,1,
        1,3,3,3,3,5,3,3,3,3,3,3,3,3,3,1,1,
        1,3,3,3,3,5,2,2,3,3,3,3,3,3,3,3,1,
        1,3,3,3,3,3,3,3,3,3,3,3,3,3,3,3,1,
        1,3,3,3,3,3,3,3,3,3,3,3,3,3,3,3,1,
        1,3,3,3,3,3,3,3,3,3,3,3,3,3,3,3,1,
        1,3,3,3,3,3,3,3,3,3,3,3,3,3,3,3,1,
        1,3,3,3,3,3,3,3,3,3,3,3,3,3,3,3,1,
        1,1,1,1,1,1,1,1,1,1,1,1,1,1,1,1,1
    ]